9 12
12 14
4 12
17263 900000
44444 1000000
1 100000
100000 1
1000000 1000000
1 1
156481 618331
767920 776579
784468 659820
851076 151750
815270 392484
111056 969900
989051 85950
577548 47016
572789 557045
438706 483121
817000 247407
520611 429558
132873 540999
439143 908542
663428 710645
971794 996832
324652 450653
900418 563292
881613 688049
164676 244629
582685 935107
154390 344812
30673 834986
484807 442874
679821 194128
275451 793257
547827 154519
958475 365552
779485 308518
611977 556201
887269 107156
652256 136208
305953 80367
105818 999706
245164 637288
990204 239663
869727 15455
591692 555014
739423 86279
728819 288732
225936 270646
530301 27409
240808 203724
220412 108767
108766 762557
194316 413175
240832 269820
739250 806394
514532 752965
96926 561937
0 0
